[0.0, 1919.0, 6987.0, 1646.0]
[0.0, 3054.0, 2579.0, 366.0]
[1015.0, 365.0, 5310.0, 5495.0]
[1.0, 24.0, 3273.0, 2340.0]
[1026.0, 94.0, 4130.0, 995.0]
[1029.0, 2860.0, 4901.0, 1358.0]
[104.0, 172.0, 1823.0, 6124.0]
[1043.0, 909.0, 406.0, 178.0]
[1057.0, 1225.0, 479.0, 414.0]
[106.0, 4020.0, 2698.0, 2801.0]
[1067.0, 1832.0, 4653.0, 1118.0]
[1084.0, 642.0, 4567.0, 1171.0]
[1101.0, 2059.0, 256.0, 7274.0]
[11.0, 211.0, 2949.0, 2232.0]
[1108.0, 5708.0, 3124.0, 1454.0]
[1109.0, 2322.0, 2.0, 4126.0]
[111.0, 1763.0, 1121.0, 5274.0]
[1123.0, 582.0, 1197.0, 1463.0]
[1129.0, 662.0, 589.0, 1094.0]
[1129.0, 7921.0, 1332.0, 1811.0]
[113.0, 5129.0, 4665.0, 1312.0]
[1158.0, 3017.0, 84.0, 338.0]
[1163.0, 1373.0, 1554.0, 3695.0]
[1166.0, 3306.0, 6686.0, 142.0]
[1166.0, 7068.0, 108.0, 1558.0]
[1184.0, 202.0, 3035.0, 585.0]
[1185.0, 7.0, 1523.0, 827.0]
[119.0, 1068.0, 4541.0, 3442.0]
[1194.0, 3706.0, 1903.0, 1515.0]
[1198.0, 9561.0, 1293.0, 706.0]
[1210.0, 5952.0, 300.0, 1673.0]
[121.0, 58.0, 1032.0, 5949.0]
[1211.0, 84.0, 5502.0, 4336.0]
[122.0, 2490.0, 1672.0, 419.0]
[1227.0, 1639.0, 754.0, 1696.0]
[1235.0, 182.0, 753.0, 725.0]
[1238.0, 7122.0, 567.0, 2290.0]
[1241.0, 48.0, 5276.0, 3793.0]
[1242.0, 6652.0, 799.0, 6733.0]
[1255.0, 556.0, 1429.0, 3199.0]
[1256.0, 11.0, 9903.0, 1915.0]
[126.0, 2057.0, 7785.0, 2920.0]
[1269.0, 514.0, 397.0, 504.0]
[1276.0, 2649.0, 750.0, 4092.0]
[13.0, 1217.0, 640.0, 291.0]
[1305.0, 1390.0, 4901.0, 1626.0]
[1306.0, 1395.0, 387.0, 2701.0]
[131.0, 888.0, 1873.0, 6451.0]
[132.0, 1043.0, 443.0, 1792.0]
[1324.0, 6264.0, 1280.0, 4894.0]
[1331.0, 6463.0, 3908.0, 3891.0]
[1332.0, 6350.0, 5499.0, 1579.0]
[1335.0, 2043.0, 4069.0, 602.0]
[134.0, 6682.0, 1587.0, 2077.0]
[1345.0, 1009.0, 1153.0, 2189.0]
[1348.0, 660.0, 2556.0, 1267.0]
[1354.0, 549.0, 1774.0, 4988.0]
[1356.0, 3320.0, 77.0, 4522.0]
[1380.0, 1130.0, 1893.0, 370.0]
[138.0, 1255.0, 575.0, 18.0]
[1396.0, 718.0, 2608.0, 128.0]
[1410.0, 3993.0, 5737.0, 491.0]
[1411.0, 2274.0, 2418.0, 1488.0]
[1421.0, 66.0, 7512.0, 2590.0]
[1426.0, 3039.0, 1217.0, 357.0]
[1428.0, 1788.0, 72.0, 1055.0]
[1431.0, 2385.0, 6399.0, 58.0]
[1432.0, 324.0, 2122.0, 2373.0]
[1433.0, 1126.0, 3880.0, 638.0]
[1434.0, 961.0, 1776.0, 4556.0]
[1442.0, 4120.0, 3671.0, 2290.0]
[1452.0, 2643.0, 1288.0, 3521.0]
[1457.0, 1461.0, 1227.0, 173.0]
[1461.0, 1121.0, 2486.0, 2039.0]
[1465.0, 1.0, 1313.0, 1676.0]
[1472.0, 3194.0, 4809.0, 359.0]
[1478.0, 5284.0, 843.0, 2703.0]
[1479.0, 696.0, 1017.0, 6024.0]
[1484.0, 3960.0, 364.0, 493.0]
[1489.0, 5105.0, 528.0, 560.0]
[1495.0, 1543.0, 1518.0, 5058.0]
[1525.0, 20.0, 1157.0, 7983.0]
[1529.0, 106.0, 2450.0, 263.0]
[153.0, 2157.0, 396.0, 1076.0]
[1543.0, 1993.0, 1562.0, 2931.0]
[1543.0, 6462.0, 2609.0, 4739.0]
[1546.0, 3104.0, 6439.0, 1164.0]
[1548.0, 3138.0, 452.0, 1434.0]
[1553.0, 1342.0, 1251.0, 2687.0]
[1553.0, 2516.0, 3078.0, 1653.0]
[1555.0, 3117.0, 7.0, 1690.0]
[1558.0, 2016.0, 3974.0, 1336.0]
[156.0, 869.0, 3773.0, 26.0]
[1589.0, 3541.0, 401.0, 11.0]
[1591.0, 133.0, 100.0, 419.0]
[1591.0, 1420.0, 4788.0, 92.0]
[1591.0, 4043.0, 4537.0, 440.0]
[1605.0, 165.0, 1552.0, 985.0]
[1611.0, 208.0, 152.0, 1169.0]
[1619.0, 1581.0, 181.0, 1650.0]
[1624.0, 3355.0, 2213.0, 1890.0]
[163.0, 2161.0, 2075.0, 1391.0]
[163.0, 3698.0, 3583.0, 164.0]
[1631.0, 122.0, 7811.0, 8068.0]
[1639.0, 1680.0, 1302.0, 1699.0]
[1645.0, 2547.0, 2893.0, 2919.0]
[1673.0, 3207.0, 195.0, 4244.0]
[1686.0, 88.0, 691.0, 681.0]
[1689.0, 4685.0, 2228.0, 2886.0]
[1698.0, 850.0, 8669.0, 8008.0]
[1702.0, 1265.0, 5440.0, 1105.0]
[1710.0, 1369.0, 516.0, 1521.0]
[172.0, 4723.0, 2629.0, 34.0]
[172.0, 6722.0, 336.0, 2148.0]
[1722.0, 1462.0, 1159.0, 473.0]
[1725.0, 6915.0, 5084.0, 2536.0]
[1758.0, 6225.0, 617.0, 36.0]
[178.0, 722.0, 5008.0, 2685.0]
[1783.0, 3563.0, 6840.0, 1389.0]
[1796.0, 344.0, 1798.0, 2303.0]
[1800.0, 56.0, 87.0, 4270.0]
[180.0, 1577.0, 2320.0, 5202.0]
[180.0, 7208.0, 761.0, 1538.0]
[1807.0, 1164.0, 5979.0, 2216.0]
[1808.0, 3858.0, 1723.0, 15.0]
[181.0, 1849.0, 2770.0, 442.0]
[1817.0, 92.0, 52.0, 671.0]
[1833.0, 377.0, 4395.0, 4686.0]
[1836.0, 3514.0, 6491.0, 1448.0]
[1846.0, 6976.0, 2153.0, 5793.0]
[185.0, 1285.0, 258.0, 2841.0]
[185.0, 1872.0, 416.0, 3520.0]
[1856.0, 1560.0, 404.0, 2309.0]
[187.0, 3690.0, 679.0, 5126.0]
[1873.0, 2797.0, 32.0, 868.0]
[188.0, 759.0, 111.0, 4265.0]
[1882.0, 1628.0, 1157.0, 4981.0]
[189.0, 4137.0, 3671.0, 2796.0]
[1908.0, 3767.0, 1231.0, 4193.0]
[191.0, 5154.0, 4383.0, 764.0]
[1913.0, 1838.0, 1061.0, 1355.0]
[1922.0, 2482.0, 761.0, 770.0]
[1938.0, 102.0, 5374.0, 3017.0]
[1939.0, 1647.0, 277.0, 811.0]
[1944.0, 7217.0, 1632.0, 0.0]
[1948.0, 1097.0, 1484.0, 8124.0]
[195.0, 6679.0, 697.0, 321.0]
[196.0, 3778.0, 1611.0, 5428.0]
[1968.0, 392.0, 159.0, 7220.0]
[1969.0, 1225.0, 1730.0, 1118.0]
[198.0, 460.0, 3779.0, 1448.0]
[20.0, 1904.0, 8117.0, 2555.0]
[20.0, 3708.0, 5592.0, 3531.0]
[2004.0, 261.0, 4057.0, 4981.0]
[2019.0, 3181.0, 3181.0, 7136.0]
[2.0, 2470.0, 608.0, 6593.0]
[203.0, 2791.0, 2272.0, 1014.0]
[2035.0, 4736.0, 479.0, 2301.0]
[2046.0, 1771.0, 4329.0, 3883.0]
[2049.0, 848.0, 4855.0, 6426.0]
[205.0, 2396.0, 857.0, 3152.0]
[206.0, 1309.0, 2891.0, 451.0]
[2067.0, 418.0, 4411.0, 1087.0]
[2069.0, 29.0, 1165.0, 1693.0]
[207.0, 406.0, 32.0, 1227.0]
[2074.0, 436.0, 2784.0, 5979.0]
[2074.0, 7641.0, 5.0, 5797.0]
[2080.0, 8007.0, 2185.0, 2404.0]
[2087.0, 159.0, 3101.0, 3655.0]
[2087.0, 589.0, 977.0, 2903.0]
[2087.0, 6071.0, 1247.0, 4191.0]
[2094.0, 1069.0, 2393.0, 2215.0]
[2096.0, 599.0, 4856.0, 944.0]
[2103.0, 1978.0, 1655.0, 36.0]
[2108.0, 1246.0, 6621.0, 4149.0]
[2114.0, 2512.0, 3856.0, 39.0]
[2122.0, 6141.0, 327.0, 2628.0]
[213.0, 82.0, 2530.0, 2764.0]
[2131.0, 27.0, 2768.0, 2220.0]
[2131.0, 4131.0, 2928.0, 1254.0]
[2145.0, 184.0, 5311.0, 2830.0]
[2148.0, 5655.0, 1780.0, 1929.0]
[215.0, 140.0, 6819.0, 250.0]
[2156.0, 2326.0, 7721.0, 2179.0]
[2158.0, 752.0, 1275.0, 377.0]
[2159.0, 1775.0, 3888.0, 3735.0]
[2162.0, 689.0, 3502.0, 8560.0]
[2168.0, 430.0, 2505.0, 5758.0]
[2170.0, 503.0, 272.0, 192.0]
[218.0, 865.0, 1277.0, 2739.0]
[2183.0, 451.0, 9469.0, 5152.0]
[2187.0, 6801.0, 2629.0, 145.0]
[2196.0, 2795.0, 2521.0, 520.0]
[22.0, 104.0, 1753.0, 3596.0]
[2209.0, 2065.0, 2625.0, 393.0]
[2212.0, 3226.0, 2066.0, 6612.0]
[2214.0, 5050.0, 2051.0, 2985.0]
[2215.0, 824.0, 883.0, 79.0]
[2219.0, 8797.0, 1016.0, 17.0]
[223.0, 1304.0, 668.0, 2434.0]
[2242.0, 144.0, 4162.0, 3906.0]
[2248.0, 315.0, 646.0, 5112.0]
[2256.0, 903.0, 1150.0, 1269.0]
[2262.0, 8088.0, 6021.0, 6910.0]
[2265.0, 1645.0, 1486.0, 5030.0]
[2269.0, 1970.0, 2326.0, 151.0]
[2282.0, 3149.0, 5689.0, 5364.0]
[2303.0, 696.0, 7783.0, 1160.0]
[2305.0, 1657.0, 562.0, 15.0]
[2307.0, 1485.0, 240.0, 7.0]
[2309.0, 7139.0, 439.0, 4760.0]
[2310.0, 2602.0, 4260.0, 1946.0]
[2331.0, 1135.0, 5023.0, 8680.0]
[2335.0, 2200.0, 527.0, 439.0]
[234.0, 3870.0, 1128.0, 4088.0]
[2353.0, 173.0, 994.0, 157.0]
[2355.0, 4435.0, 5371.0, 6103.0]
[2366.0, 2240.0, 147.0, 5631.0]
[2373.0, 1385.0, 666.0, 617.0]
[2377.0, 2935.0, 2941.0, 5297.0]
[2378.0, 4908.0, 805.0, 7877.0]
[2385.0, 941.0, 353.0, 3185.0]
[239.0, 617.0, 1368.0, 620.0]
[2399.0, 886.0, 7314.0, 4532.0]
[2410.0, 15.0, 3836.0, 5058.0]
[2421.0, 2993.0, 5106.0, 4563.0]
[243.0, 4278.0, 4703.0, 5272.0]
[2431.0, 374.0, 2284.0, 3075.0]
[2432.0, 448.0, 745.0, 737.0]
[244.0, 3.0, 565.0, 240.0]
[244.0, 621.0, 3005.0, 983.0]
[2442.0, 4711.0, 1735.0, 429.0]
[2472.0, 5679.0, 2778.0, 1016.0]
[248.0, 361.0, 264.0, 1494.0]
[2486.0, 1477.0, 410.0, 442.0]
[249.0, 1312.0, 4965.0, 4181.0]
[2492.0, 592.0, 3191.0, 759.0]
[2499.0, 1108.0, 1306.0, 2349.0]
[2501.0, 1500.0, 629.0, 53.0]
[25.0, 1584.0, 2057.0, 2415.0]
[25.0, 3517.0, 3042.0, 1182.0]
[2512.0, 116.0, 1072.0, 1294.0]
[2523.0, 2438.0, 17.0, 2723.0]
[2525.0, 4658.0, 895.0, 5350.0]
[2542.0, 5423.0, 6471.0, 762.0]
[2548.0, 313.0, 814.0, 710.0]
[2552.0, 19.0, 2887.0, 2053.0]
[2561.0, 2543.0, 590.0, 216.0]
[2562.0, 2288.0, 5151.0, 2667.0]
[2563.0, 692.0, 2410.0, 717.0]
[2564.0, 4321.0, 4553.0, 1317.0]
[2570.0, 2983.0, 451.0, 839.0]
[2571.0, 169.0, 3095.0, 18.0]
[2576.0, 4068.0, 2453.0, 2804.0]
[2576.0, 6939.0, 18.0, 1360.0]
[2578.0, 2434.0, 1020.0, 73.0]
[2581.0, 8708.0, 3279.0, 1119.0]
[2597.0, 4342.0, 4143.0, 2073.0]
[26.0, 3933.0, 2470.0, 2366.0]
[2604.0, 156.0, 5353.0, 1436.0]
[2612.0, 3445.0, 1034.0, 9624.0]
[2621.0, 2126.0, 747.0, 114.0]
[264.0, 1839.0, 1159.0, 552.0]
[2647.0, 7062.0, 9002.0, 1021.0]
[267.0, 5326.0, 5611.0, 4538.0]
[2671.0, 3116.0, 269.0, 474.0]
[2687.0, 1594.0, 6344.0, 776.0]
[269.0, 1395.0, 41.0, 2453.0]
[2695.0, 623.0, 3895.0, 659.0]
[2698.0, 781.0, 619.0, 3045.0]
[2703.0, 660.0, 6572.0, 2156.0]
[2717.0, 4660.0, 3919.0, 7900.0]
[2717.0, 5127.0, 4935.0, 3107.0]
[272.0, 1504.0, 786.0, 919.0]
[2727.0, 7473.0, 1999.0, 1654.0]
[2733.0, 4544.0, 4975.0, 718.0]
[2742.0, 7718.0, 4976.0, 360.0]
[2768.0, 2187.0, 4684.0, 1584.0]
[277.0, 2494.0, 2945.0, 3603.0]
[2772.0, 4426.0, 1735.0, 4199.0]
[278.0, 3660.0, 4747.0, 2611.0]
[279.0, 8676.0, 2674.0, 1228.0]
[2792.0, 4355.0, 7277.0, 1287.0]
[2796.0, 2740.0, 102.0, 4391.0]
[28.0, 2250.0, 2670.0, 4377.0]
[2807.0, 1172.0, 1239.0, 7087.0]
[2814.0, 1289.0, 1417.0, 496.0]
[2826.0, 1940.0, 1238.0, 7598.0]
[2835.0, 394.0, 2471.0, 114.0]
[2836.0, 1327.0, 191.0, 859.0]
[2839.0, 578.0, 5712.0, 40.0]
[284.0, 4396.0, 2021.0, 2003.0]
[2841.0, 111.0, 3507.0, 3452.0]
[2849.0, 2868.0, 3274.0, 3613.0]
[285.0, 1521.0, 2577.0, 2717.0]
[2865.0, 4304.0, 3914.0, 698.0]
[2872.0, 4299.0, 1396.0, 1719.0]
[2878.0, 7013.0, 3173.0, 1058.0]
[2884.0, 1517.0, 2542.0, 6534.0]
[2886.0, 218.0, 3254.0, 2995.0]
[2893.0, 502.0, 428.0, 6812.0]
[2900.0, 682.0, 3024.0, 878.0]
[2920.0, 6194.0, 438.0, 1443.0]
[293.0, 100.0, 4964.0, 8212.0]
[294.0, 354.0, 450.0, 601.0]
[2953.0, 149.0, 2767.0, 6525.0]
[2963.0, 869.0, 44.0, 2044.0]
[2988.0, 338.0, 3542.0, 684.0]
[299.0, 4254.0, 2737.0, 4022.0]
[2995.0, 3914.0, 1858.0, 3382.0]
[3005.0, 1326.0, 732.0, 3319.0]
[3012.0, 2287.0, 79.0, 3600.0]
[3.0, 1830.0, 1265.0, 1530.0]
[3.0, 1887.0, 673.0, 350.0]
[302.0, 2401.0, 2900.0, 1959.0]
[3022.0, 129.0, 4631.0, 2030.0]
[3025.0, 3734.0, 954.0, 63.0]
[3040.0, 4016.0, 1321.0, 2830.0]
[304.0, 704.0, 1708.0, 3267.0]
[3041.0, 51.0, 176.0, 1079.0]
[3045.0, 3628.0, 1813.0, 615.0]
[3047.0, 1666.0, 2832.0, 3768.0]
[3.0, 492.0, 1217.0, 3255.0]
[3069.0, 553.0, 2278.0, 1812.0]
[3079.0, 1998.0, 385.0, 3228.0]
[309.0, 277.0, 865.0, 888.0]
[31.0, 2967.0, 1622.0, 105.0]
[31.0, 3949.0, 2450.0, 3101.0]
[3122.0, 2812.0, 222.0, 90.0]
[3129.0, 1880.0, 248.0, 3280.0]
[3139.0, 4790.0, 6996.0, 0.0]
[3160.0, 12.0, 2124.0, 661.0]
[3182.0, 3276.0, 968.0, 5682.0]
[3192.0, 2598.0, 4051.0, 2177.0]
[3193.0, 731.0, 1432.0, 5457.0]
[3203.0, 1230.0, 1316.0, 2808.0]
[3205.0, 4730.0, 1740.0, 981.0]
[3213.0, 1363.0, 166.0, 642.0]
[3214.0, 190.0, 3343.0, 6839.0]
[322.0, 5576.0, 1170.0, 221.0]
[3221.0, 132.0, 1592.0, 3853.0]
[3221.0, 5558.0, 3225.0, 552.0]
[3238.0, 632.0, 6220.0, 3231.0]
[324.0, 491.0, 4951.0, 3419.0]
[325.0, 5127.0, 2524.0, 4574.0]
[3258.0, 1841.0, 4685.0, 1324.0]
[3258.0, 3697.0, 3480.0, 585.0]
[326.0, 3807.0, 1740.0, 1893.0]
[327.0, 2386.0, 4455.0, 446.0]
[3300.0, 1384.0, 18.0, 3663.0]
[3325.0, 218.0, 5117.0, 487.0]
[3325.0, 4415.0, 1913.0, 1262.0]
[333.0, 2948.0, 607.0, 1683.0]
[3353.0, 1650.0, 2708.0, 2579.0]
[3368.0, 170.0, 4474.0, 305.0]
[338.0, 3218.0, 3538.0, 5932.0]
[3395.0, 8477.0, 461.0, 1522.0]
[3399.0, 3265.0, 1621.0, 2579.0]
[340.0, 704.0, 1198.0, 733.0]
[3402.0, 421.0, 2830.0, 3728.0]
[3404.0, 1919.0, 3340.0, 2297.0]
[3408.0, 3903.0, 2642.0, 1086.0]
[3419.0, 200.0, 13.0, 601.0]
[3420.0, 3132.0, 704.0, 349.0]
[3437.0, 521.0, 3881.0, 1553.0]
[3443.0, 86.0, 880.0, 4270.0]
[3452.0, 6686.0, 3720.0, 1691.0]
[3463.0, 1303.0, 10.0, 2669.0]
[3464.0, 4435.0, 350.0, 1068.0]
[3468.0, 4107.0, 54.0, 8103.0]
[347.0, 4762.0, 130.0, 723.0]
[3483.0, 4820.0, 3754.0, 1675.0]
[3491.0, 153.0, 5385.0, 1284.0]
[3491.0, 3858.0, 3150.0, 8273.0]
[3497.0, 954.0, 1366.0, 7302.0]
[3505.0, 1273.0, 2073.0, 828.0]
[3545.0, 760.0, 4456.0, 785.0]
[3547.0, 1512.0, 1318.0, 3370.0]
[356.0, 7171.0, 651.0, 491.0]
[356.0, 900.0, 407.0, 4131.0]
[357.0, 6915.0, 4580.0, 718.0]
[3580.0, 3428.0, 544.0, 2771.0]
[3605.0, 6921.0, 1892.0, 3521.0]
[3607.0, 7355.0, 2999.0, 231.0]
[361.0, 567.0, 4848.0, 46.0]
[3611.0, 5165.0, 633.0, 4163.0]
[3619.0, 130.0, 1865.0, 5394.0]
[3619.0, 5262.0, 1934.0, 6583.0]
[3636.0, 847.0, 3843.0, 2115.0]
[3642.0, 2166.0, 1772.0, 1712.0]
[3654.0, 2568.0, 1265.0, 2389.0]
[3654.0, 9230.0, 662.0, 1825.0]
[3673.0, 649.0, 6805.0, 1871.0]
[3690.0, 6015.0, 2772.0, 1192.0]
[3700.0, 334.0, 3494.0, 2802.0]
[370.0, 1400.0, 568.0, 4004.0]
[3709.0, 5011.0, 230.0, 2449.0]
[3717.0, 5775.0, 2005.0, 1293.0]
[3726.0, 1867.0, 1821.0, 174.0]
[3734.0, 2469.0, 185.0, 8956.0]
[374.0, 199.0, 6491.0, 4048.0]
[3788.0, 46.0, 3028.0, 1432.0]
[3834.0, 6170.0, 1757.0, 13.0]
[384.0, 2036.0, 135.0, 3301.0]
[3847.0, 2702.0, 2462.0, 4997.0]
[3853.0, 474.0, 95.0, 318.0]
[387.0, 2053.0, 1931.0, 7082.0]
[3881.0, 3713.0, 1489.0, 4234.0]
[389.0, 348.0, 1651.0, 1074.0]
[3898.0, 1008.0, 2099.0, 2499.0]
[3902.0, 2955.0, 2437.0, 3635.0]
[3905.0, 5036.0, 2007.0, 7505.0]
[3908.0, 2096.0, 89.0, 7912.0]
[391.0, 128.0, 1904.0, 780.0]
[3934.0, 4112.0, 600.0, 1362.0]
[3937.0, 5449.0, 176.0, 164.0]
[394.0, 822.0, 2275.0, 2011.0]
[3945.0, 1551.0, 741.0, 2201.0]
[3945.0, 3521.0, 518.0, 1258.0]
[3953.0, 6820.0, 4304.0, 438.0]
[3969.0, 4018.0, 2077.0, 665.0]
[397.0, 2723.0, 243.0, 1305.0]
[3975.0, 4252.0, 451.0, 2463.0]
[398.0, 2389.0, 1875.0, 4636.0]
[400.0, 1042.0, 2332.0, 1587.0]
[4003.0, 1036.0, 6174.0, 2921.0]
[4004.0, 1218.0, 1502.0, 3853.0]
[401.0, 7467.0, 1547.0, 2886.0]
[4020.0, 2574.0, 8395.0, 582.0]
[4028.0, 4117.0, 268.0, 2507.0]
[403.0, 1575.0, 702.0, 260.0]
[4034.0, 6146.0, 520.0, 29.0]
[4050.0, 196.0, 4612.0, 2147.0]
[405.0, 315.0, 1588.0, 454.0]
[4057.0, 9194.0, 2123.0, 5270.0]
[4065.0, 4691.0, 378.0, 3088.0]
[4070.0, 6682.0, 35.0, 3490.0]
[4076.0, 6008.0, 19.0, 1183.0]
[408.0, 2813.0, 3220.0, 5673.0]
[409.0, 8289.0, 1605.0, 222.0]
[4092.0, 1845.0, 927.0, 2958.0]
[4092.0, 4465.0, 1301.0, 6765.0]
[4108.0, 2783.0, 3870.0, 3578.0]
[4128.0, 1594.0, 330.0, 6531.0]
[4133.0, 1350.0, 1265.0, 6056.0]
[415.0, 514.0, 5594.0, 2423.0]
[4158.0, 3724.0, 190.0, 2171.0]
[416.0, 8093.0, 4206.0, 8033.0]
[4167.0, 681.0, 1160.0, 4400.0]
[418.0, 1130.0, 113.0, 170.0]
[418.0, 8463.0, 2814.0, 9488.0]
[4181.0, 282.0, 1224.0, 151.0]
[4237.0, 508.0, 198.0, 813.0]
[424.0, 5571.0, 638.0, 1031.0]
[4249.0, 4728.0, 2907.0, 2738.0]
[4264.0, 3037.0, 25.0, 68.0]
[427.0, 4744.0, 3494.0, 6670.0]
[428.0, 3091.0, 2649.0, 1400.0]
[4287.0, 178.0, 377.0, 876.0]
[4301.0, 7172.0, 647.0, 4774.0]
[43.0, 359.0, 2665.0, 3921.0]
[432.0, 355.0, 6786.0, 1118.0]
[433.0, 1258.0, 78.0, 2768.0]
[4345.0, 394.0, 2245.0, 639.0]
[436.0, 190.0, 7147.0, 392.0]
[4362.0, 3922.0, 7043.0, 2630.0]
[4367.0, 40.0, 68.0, 460.0]
[438.0, 1218.0, 6322.0, 1088.0]
[4383.0, 739.0, 117.0, 3110.0]
[440.0, 6673.0, 1543.0, 5254.0]
[4405.0, 5452.0, 83.0, 882.0]
[4408.0, 406.0, 2772.0, 2962.0]
[441.0, 600.0, 8768.0, 1000.0]
[442.0, 459.0, 823.0, 2453.0]
[443.0, 341.0, 2225.0, 7921.0]
[4431.0, 1033.0, 855.0, 601.0]
[4432.0, 24.0, 6137.0, 3564.0]
[4437.0, 1497.0, 547.0, 191.0]
[4454.0, 1758.0, 1100.0, 281.0]
[447.0, 2285.0, 7492.0, 3806.0]
[4473.0, 2267.0, 6911.0, 3181.0]
[448.0, 4852.0, 5.0, 2953.0]
[451.0, 2996.0, 7280.0, 654.0]
[451.0, 4051.0, 3729.0, 2707.0]
[4524.0, 300.0, 1454.0, 2757.0]
[453.0, 4999.0, 2791.0, 9280.0]
[4536.0, 3886.0, 5180.0, 103.0]
[4545.0, 716.0, 1916.0, 5639.0]
[4559.0, 1665.0, 1282.0, 5394.0]
[458.0, 839.0, 723.0, 8554.0]
[459.0, 2718.0, 1346.0, 2412.0]
[4591.0, 7123.0, 5132.0, 602.0]
[4615.0, 1921.0, 1387.0, 409.0]
[4628.0, 385.0, 2506.0, 1817.0]
[4658.0, 6853.0, 2598.0, 4283.0]
[467.0, 3382.0, 123.0, 968.0]
[4677.0, 1709.0, 1651.0, 293.0]
[4702.0, 1504.0, 1490.0, 711.0]
[47.0, 5978.0, 654.0, 5140.0]
[471.0, 6495.0, 2231.0, 121.0]
[4722.0, 3509.0, 948.0, 2262.0]
[4740.0, 4090.0, 4792.0, 1801.0]
[474.0, 3581.0, 30.0, 417.0]
[4750.0, 4256.0, 4782.0, 2324.0]
[4762.0, 5797.0, 1621.0, 336.0]
[4769.0, 1550.0, 1791.0, 6209.0]
[482.0, 1189.0, 208.0, 1978.0]
[4821.0, 1150.0, 4336.0, 2400.0]
[4831.0, 856.0, 8177.0, 1037.0]
[4833.0, 1180.0, 3350.0, 5324.0]
[484.0, 6119.0, 626.0, 1421.0]
[487.0, 2203.0, 993.0, 1946.0]
[488.0, 1054.0, 341.0, 3665.0]
[4910.0, 2839.0, 3929.0, 355.0]
[4936.0, 7643.0, 1695.0, 616.0]
[496.0, 51.0, 5677.0, 78.0]
[4963.0, 104.0, 2466.0, 655.0]
[4993.0, 975.0, 3026.0, 105.0]
[5006.0, 517.0, 4276.0, 373.0]
[5019.0, 1585.0, 100.0, 7465.0]
[503.0, 1319.0, 4772.0, 771.0]
[503.0, 913.0, 349.0, 1595.0]
[5035.0, 859.0, 4100.0, 5693.0]
[5055.0, 326.0, 422.0, 4163.0]
[5057.0, 1193.0, 1300.0, 2208.0]
[5073.0, 5815.0, 307.0, 382.0]
[5086.0, 456.0, 173.0, 1189.0]
[5109.0, 2158.0, 4367.0, 591.0]
[5119.0, 8194.0, 6620.0, 8156.0]
[513.0, 7493.0, 3031.0, 93.0]
[5140.0, 275.0, 1547.0, 5963.0]
[514.0, 2471.0, 4239.0, 1233.0]
[516.0, 1715.0, 1922.0, 469.0]
[5171.0, 6216.0, 1817.0, 2113.0]
[5181.0, 2874.0, 2174.0, 3739.0]
[5185.0, 3700.0, 1101.0, 4108.0]
[52.0, 398.0, 217.0, 8202.0]
[524.0, 815.0, 458.0, 1780.0]
[5242.0, 2135.0, 28.0, 5525.0]
[5260.0, 2880.0, 3584.0, 4360.0]
[526.0, 1065.0, 38.0, 2302.0]
[5261.0, 286.0, 123.0, 1802.0]
[5275.0, 7.0, 6627.0, 1032.0]
[528.0, 7700.0, 3633.0, 849.0]
[531.0, 985.0, 1195.0, 26.0]
[5361.0, 1304.0, 286.0, 371.0]
[541.0, 2258.0, 3362.0, 3356.0]
[5454.0, 1637.0, 1033.0, 9033.0]
[5460.0, 2726.0, 280.0, 2949.0]
[5543.0, 79.0, 310.0, 5327.0]
[5557.0, 7.0, 494.0, 7321.0]
[559.0, 220.0, 3985.0, 152.0]
[559.0, 732.0, 4024.0, 615.0]
[5626.0, 4208.0, 1485.0, 975.0]
[5629.0, 2365.0, 164.0, 4969.0]
[563.0, 3160.0, 1731.0, 264.0]
[5632.0, 6034.0, 1914.0, 152.0]
[564.0, 5913.0, 2775.0, 946.0]
[5662.0, 3675.0, 4370.0, 143.0]
[57.0, 3677.0, 889.0, 962.0]
[5716.0, 2760.0, 3802.0, 4602.0]
[5716.0, 4121.0, 1077.0, 5266.0]
[573.0, 622.0, 2943.0, 657.0]
[5740.0, 4821.0, 5245.0, 3846.0]
[5741.0, 572.0, 906.0, 1633.0]
[5775.0, 1472.0, 583.0, 1911.0]
[578.0, 4027.0, 590.0, 44.0]
[580.0, 148.0, 3725.0, 1034.0]
[5814.0, 412.0, 4899.0, 154.0]
[5819.0, 676.0, 951.0, 4849.0]
[5823.0, 3635.0, 4777.0, 2933.0]
[5848.0, 1834.0, 3804.0, 6290.0]
[588.0, 816.0, 4737.0, 1368.0]
[59.0, 6676.0, 3825.0, 3363.0]
[591.0, 4372.0, 2526.0, 1182.0]
[5963.0, 34.0, 5972.0, 5870.0]
[597.0, 979.0, 4849.0, 3167.0]
[5998.0, 488.0, 1219.0, 26.0]
[6.0, 1200.0, 2079.0, 2237.0]
[604.0, 9069.0, 5479.0, 2745.0]
[6071.0, 1170.0, 4348.0, 3153.0]
[6076.0, 219.0, 3563.0, 1627.0]
[6078.0, 733.0, 2129.0, 4081.0]
[6081.0, 2344.0, 378.0, 269.0]
[610.0, 712.0, 425.0, 517.0]
[6106.0, 8210.0, 3387.0, 489.0]
[611.0, 2848.0, 4430.0, 1251.0]
[6118.0, 2263.0, 1729.0, 166.0]
[6124.0, 36.0, 2779.0, 282.0]
[613.0, 535.0, 2351.0, 6742.0]
[6154.0, 4876.0, 77.0, 5486.0]
[6169.0, 5885.0, 31.0, 4693.0]
[618.0, 533.0, 1363.0, 3937.0]
[6182.0, 4234.0, 578.0, 182.0]
[621.0, 3502.0, 4402.0, 1506.0]
[622.0, 3273.0, 1574.0, 330.0]
[6233.0, 394.0, 1960.0, 2189.0]
[6269.0, 33.0, 157.0, 1289.0]
[6270.0, 3251.0, 1308.0, 2198.0]
[6317.0, 5798.0, 3470.0, 450.0]
[637.0, 3546.0, 97.0, 6339.0]
[6406.0, 715.0, 2047.0, 1774.0]
[6410.0, 549.0, 1088.0, 3379.0]
[646.0, 6671.0, 5930.0, 3287.0]
[6466.0, 4717.0, 3808.0, 5618.0]
[6468.0, 93.0, 1669.0, 526.0]
[647.0, 4810.0, 5613.0, 21.0]
[6498.0, 1239.0, 3426.0, 888.0]
[6502.0, 4480.0, 87.0, 771.0]
[65.0, 4875.0, 4315.0, 1996.0]
[651.0, 1542.0, 302.0, 3279.0]
[6535.0, 4677.0, 2420.0, 6249.0]
[6574.0, 490.0, 2739.0, 1527.0]
[6644.0, 2349.0, 517.0, 1004.0]
[6661.0, 1684.0, 4452.0, 5645.0]
[6664.0, 164.0, 1460.0, 2127.0]
[6680.0, 3545.0, 1875.0, 2669.0]
[669.0, 5317.0, 2871.0, 1236.0]
[6705.0, 3836.0, 2320.0, 2425.0]
[672.0, 292.0, 891.0, 5716.0]
[6727.0, 120.0, 4457.0, 1762.0]
[6733.0, 8158.0, 917.0, 3072.0]
[675.0, 234.0, 3297.0, 6159.0]
[676.0, 1914.0, 5728.0, 63.0]
[6780.0, 1451.0, 5696.0, 303.0]
[68.0, 4408.0, 1336.0, 2039.0]
[686.0, 3056.0, 4761.0, 1548.0]
[6867.0, 2647.0, 165.0, 953.0]
[6914.0, 960.0, 3025.0, 1635.0]
[6920.0, 102.0, 1196.0, 2487.0]
[6923.0, 3959.0, 269.0, 1949.0]
[6997.0, 3739.0, 102.0, 4725.0]
[7005.0, 1564.0, 519.0, 2356.0]
[7015.0, 1811.0, 6464.0, 829.0]
[7023.0, 2881.0, 1908.0, 702.0]
[7035.0, 39.0, 6635.0, 382.0]
[7041.0, 72.0, 618.0, 313.0]
[7043.0, 60.0, 1167.0, 1068.0]
[7050.0, 570.0, 6345.0, 794.0]
[708.0, 2093.0, 2776.0, 4536.0]
[708.0, 4326.0, 118.0, 3490.0]
[7099.0, 1441.0, 600.0, 5703.0]
[710.0, 3660.0, 4389.0, 3185.0]
[7116.0, 768.0, 2693.0, 1039.0]
[7149.0, 1197.0, 246.0, 176.0]
[7152.0, 4769.0, 3457.0, 5121.0]
[7157.0, 5475.0, 1768.0, 732.0]
[718.0, 5079.0, 5988.0, 2631.0]
[719.0, 4938.0, 1539.0, 656.0]
[720.0, 1411.0, 3688.0, 1435.0]
[722.0, 3667.0, 2766.0, 310.0]
[725.0, 390.0, 431.0, 8296.0]
[7272.0, 511.0, 1884.0, 2634.0]
[7282.0, 1155.0, 2233.0, 2142.0]
[7352.0, 4317.0, 1556.0, 1545.0]
[7357.0, 5157.0, 48.0, 715.0]
[740.0, 1707.0, 681.0, 292.0]
[74.0, 234.0, 6358.0, 5231.0]
[7418.0, 135.0, 4625.0, 7998.0]
[7429.0, 824.0, 2928.0, 8899.0]
[746.0, 1844.0, 1161.0, 5485.0]
[7514.0, 530.0, 2427.0, 2564.0]
[7549.0, 1229.0, 5508.0, 225.0]
[7551.0, 3200.0, 934.0, 1279.0]
[7566.0, 3349.0, 61.0, 9370.0]
[758.0, 1631.0, 1958.0, 1699.0]
[759.0, 809.0, 279.0, 610.0]
[7592.0, 4480.0, 1273.0, 5068.0]
[7610.0, 1720.0, 3712.0, 3232.0]
[761.0, 2486.0, 373.0, 1993.0]
[7651.0, 4251.0, 5308.0, 6260.0]
[768.0, 2659.0, 41.0, 4950.0]
[770.0, 1504.0, 67.0, 4496.0]
[77.0, 7911.0, 1460.0, 767.0]
[7748.0, 742.0, 2309.0, 159.0]
[7765.0, 1906.0, 348.0, 208.0]
[7786.0, 480.0, 5428.0, 3794.0]
[780.0, 2932.0, 4549.0, 1647.0]
[7871.0, 345.0, 1950.0, 31.0]
[7891.0, 2495.0, 462.0, 5150.0]
[7898.0, 2470.0, 5581.0, 1229.0]
[7909.0, 1092.0, 2600.0, 994.0]
[791.0, 1293.0, 928.0, 6897.0]
[7935.0, 3336.0, 596.0, 2555.0]
[8009.0, 2924.0, 3937.0, 7667.0]
[8.0, 2476.0, 2484.0, 111.0]
[8037.0, 50.0, 2388.0, 2390.0]
[8079.0, 2441.0, 509.0, 1180.0]
[8133.0, 2653.0, 4049.0, 490.0]
[814.0, 5980.0, 1129.0, 2765.0]
[8169.0, 3154.0, 2529.0, 767.0]
[817.0, 2797.0, 2903.0, 107.0]
[8187.0, 3750.0, 2048.0, 2651.0]
[8196.0, 1484.0, 6128.0, 3157.0]
[823.0, 168.0, 1526.0, 224.0]
[8234.0, 5758.0, 1997.0, 255.0]
[8265.0, 1628.0, 4955.0, 2724.0]
[827.0, 170.0, 5978.0, 6569.0]
[827.0, 3854.0, 482.0, 4149.0]
[8272.0, 360.0, 4756.0, 724.0]
[8275.0, 1576.0, 1297.0, 1139.0]
[83.0, 1025.0, 5321.0, 3832.0]
[831.0, 3808.0, 6182.0, 7507.0]
[833.0, 640.0, 2.0, 107.0]
[8386.0, 2682.0, 2501.0, 459.0]
[839.0, 0.0, 7255.0, 72.0]
[84.0, 5727.0, 1610.0, 7605.0]
[842.0, 192.0, 535.0, 942.0]
[843.0, 2869.0, 115.0, 5704.0]
[8431.0, 5756.0, 615.0, 181.0]
[845.0, 119.0, 2279.0, 2399.0]
[846.0, 1676.0, 64.0, 6877.0]
[8464.0, 705.0, 7429.0, 72.0]
[8585.0, 563.0, 3448.0, 3897.0]
[8623.0, 3793.0, 504.0, 2631.0]
[873.0, 2023.0, 105.0, 948.0]
[8743.0, 5900.0, 4017.0, 4508.0]
[88.0, 2079.0, 116.0, 87.0]
[88.0, 6551.0, 5952.0, 2001.0]
[8833.0, 144.0, 3668.0, 3630.0]
[8847.0, 1267.0, 2583.0, 1562.0]
[887.0, 4163.0, 6391.0, 4818.0]
[891.0, 8294.0, 5697.0, 27.0]
[896.0, 5775.0, 3249.0, 1449.0]
[8989.0, 480.0, 120.0, 2672.0]
[901.0, 4939.0, 859.0, 784.0]
[902.0, 1895.0, 610.0, 5091.0]
[9.0, 6777.0, 1442.0, 2633.0]
[91.0, 3673.0, 1554.0, 3762.0]
[918.0, 1315.0, 138.0, 356.0]
[92.0, 1622.0, 4828.0, 6647.0]
[923.0, 309.0, 1892.0, 1630.0]
[9260.0, 2748.0, 275.0, 4422.0]
[930.0, 6282.0, 1546.0, 1226.0]
[932.0, 545.0, 5832.0, 1832.0]
[934.0, 70.0, 2120.0, 121.0]
[937.0, 2965.0, 1188.0, 2944.0]
[941.0, 2725.0, 2983.0, 1487.0]
[957.0, 4570.0, 1926.0, 3737.0]
[959.0, 3655.0, 115.0, 205.0]
[960.0, 417.0, 3250.0, 2249.0]
[970.0, 36.0, 355.0, 520.0]
[974.0, 110.0, 2884.0, 37.0]
[984.0, 11.0, 297.0, 322.0]
[986.0, 8379.0, 601.0, 7413.0]
[988.0, 7904.0, 1142.0, 28.0]
[992.0, 5632.0, 1766.0, 2843.0]
[999.0, 1127.0, 306.0, 159.0]
